-0.162632 0.627038
-0.424910 0.823021
-0.449379 0.610019
-0.185661 0.608250
-2.235552 1.620735
2.092807 -0.868725
0.472688 0.678984
0.324310 -1.318604
1.887684 -1.106295
0.108740 -0.309902
1.246826 -0.554548
-0.786509 0.606339
-0.951256 0.388201
-0.741099 0.493238
-0.274017 0.165277
-2.352951 2.043538
-0.872050 1.091078
0.765493 -0.165813
1.034486 -1.396985
0.517199 -0.524467
-0.451092 1.251198
-0.969137 0.934532
0.690393 0.045072
-0.234629 0.575391
-3.172058 2.966713
-0.254055 0.407170
-0.831840 0.023077
-1.915088 1.474385
-0.734754 -0.455139
-1.868828 1.992883
-1.544039 1.068981
-0.154518 -0.240438
0.671771 -0.921892
-0.943704 1.622371
0.045548 0.303772
-0.836948 -0.205535
0.056058 0.033374
0.053674 0.376686
-0.063297 -0.155610
1.987699 -0.893447
0.109160 -1.051631
-1.188377 2.096127
-0.123527 0.190604
1.900418 -2.214031
0.324867 -0.321665
-0.002466 -0.312065
-0.971091 0.183968
0.184127 -0.652980
1.090093 -0.243566
0.746502 -0.211325
1.236150 -0.663703
-0.893856 1.255094
-0.165039 -0.185646
-1.084624 0.147616
0.598785 0.847888
-1.325580 1.445491
-1.177589 0.091513
-0.714468 0.050244
0.182002 -0.082666
1.641651 -1.278356
0.546608 -1.442779
1.312274 -1.685559
0.266129 -0.158848
0.213501 -0.764740
1.325641 -0.660659
-1.383664 2.019103
0.051970 -0.009279
0.920476 -1.550780
-1.862520 2.236312
0.459967 0.841722
0.520844 -0.285719
-0.610385 0.913793
-1.206305 0.010792
-0.432941 0.709496
1.435842 -1.299561
-0.954831 0.479031
-0.113156 0.259982
-0.844239 0.828182
-1.345490 0.577322
-0.719989 1.253051
-0.374172 1.531888
1.119932 -0.267533
-0.793791 0.343426
-1.498934 1.036462
-0.824023 1.054739
0.453650 -0.734190
0.512932 -0.854816
-0.585881 0.290863
-1.539489 1.102150
-1.478186 0.925609
-0.553237 1.181564
1.229786 -1.364713
1.357975 -0.989983
1.106055 -2.483146
-0.779551 0.501745
-1.268479 0.579196
-0.074427 -0.709211
0.364859 -1.386140
0.968904 -1.166761
-0.601541 0.495780
1.158018 0.115381
-0.342187 0.512235
-0.648700 -0.679758
-0.378437 0.116953
-0.003228 -0.105816
-0.079199 0.254299
0.467702 0.101756
-1.140546 0.957075
1.346626 -1.372131
0.032140 -0.605229
1.030405 -1.328284
-1.390210 0.655183
0.514396 -0.067347
-0.603535 1.400946
-1.494347 1.115606
0.645894 -1.293368
-0.666961 0.667877
-0.200859 -0.283544
0.785041 0.124720
0.254546 -0.351610
-0.824273 1.083546
-0.843959 1.258762
-0.027325 -0.016689
0.795143 -0.706787
-0.706581 1.056935
-0.730081 1.281549
0.584190 -0.799935
0.319212 0.545819
-0.717018 0.763299
-0.779535 0.109823
-0.102680 0.006145
-0.367359 -1.335731
-0.782181 0.546280
-0.537625 2.291603
-2.047601 1.440887
-1.702615 1.087015
1.391995 -0.867993
1.001211 -0.151653
-0.746432 -0.024544
0.822879 -0.932709
1.490423 -0.401312
-0.992226 1.299364
0.223740 0.342008
-0.691204 -0.072052
-0.427306 1.008330
-0.888207 -0.450459
-1.765371 1.894966
0.018602 -0.225993
0.361674 -0.974160
-0.331975 0.124949
0.703885 -1.243125
-0.015730 0.500347
-0.816030 -0.147118
-0.931432 1.318452
-0.888315 0.325295
-0.865870 0.912582
-0.291896 0.755773
1.022373 -2.005337
0.519088 0.078732
0.164778 0.297226
-0.522522 0.066638
-0.425182 0.256639
-2.281966 1.072018
-0.626247 0.562401
0.388483 -1.021755
0.698208 -0.013259
-1.815442 2.074325
0.104374 -0.845351
-0.567366 0.297779
-0.675991 1.556196
-0.706703 1.084395
-0.014512 0.695264
-0.501627 0.446710
-1.187889 -0.344616
1.689274 -1.285297
0.468811 0.406008
-0.654133 -0.494741
-1.248432 0.231783
-0.287185 1.031665
0.668471 -0.802457
-0.597259 0.203211
1.116563 -2.224676
1.111077 -0.118097
-1.005790 0.733820
1.410471 -0.988479
0.347184 -0.896499
0.243275 -0.437286
-2.352487 1.697729
0.049065 -1.215288
-1.028716 0.842499
-1.582732 1.915191
0.883293 -0.456835
1.414039 -1.504448
0.631045 -0.918293
0.681829 -0.655707
1.145150 -1.554976
-1.266193 -0.524432
-0.202131 0.369117
-0.004025 -0.369326
-1.963148 1.375520
0.787966 -0.672718
-0.700229 0.874543
-0.390154 -0.184555
0.474533 0.275928
1.262936 -0.353654
0.951597 -1.241970
1.369698 -0.987220
0.159118 1.054818
0.814025 -0.104615
-1.818557 1.484245
0.104348 -0.136746
-0.947939 1.061790
-0.608514 1.306714
0.758506 -0.003701
-0.253381 0.314152
0.291616 -0.238104
0.401088 0.167376
0.863337 -1.115677
-0.192038 0.486565
-0.552207 0.838984
0.056873 0.449650
-1.267398 0.991164
-0.535686 0.854975
0.005744 -0.399136
-0.532721 0.845267
0.364408 -0.793797
1.036205 -0.774188
-1.130107 0.847183
1.119319 -0.725345
0.824338 0.057405
-0.270335 -0.292761
0.524678 -0.997806
0.032588 -0.544428
-1.139516 0.855519
0.622254 0.163181
0.346952 0.278460
1.104462 -0.974970
1.836076 -0.345880
-1.923703 2.664812
-0.125573 0.134905
-0.793626 -0.025956
-1.137032 1.999280
2.212680 -1.786047
0.364874 -0.803032
-0.342666 0.048424
-0.887839 0.298193
0.986477 -1.394167
-0.046358 0.477341
0.872617 -1.277124
-0.683910 -0.278429
1.841358 -1.872722
0.537736 -0.357125
-0.245403 0.256978
-0.777714 0.337419
-0.090590 1.893676
0.653352 0.017406
0.144457 0.521440
2.147177 -1.881911
-0.952756 0.974779
0.798119 -0.782009
0.194812 -0.129528
0.008236 0.627971
0.418768 -0.108308
0.722842 0.025833
-0.525009 0.404413
0.141560 -0.854749
-0.087032 -0.274565
0.056386 0.203948
1.165760 -1.374645
0.704794 -0.085574
-1.684537 1.075429
-0.232657 0.856265
-1.602967 1.161692
-0.689308 -0.006025
-0.649774 -0.338764
0.337991 -0.089721
-0.373371 0.558056
-1.159035 0.624971
0.178653 -0.354770
-0.228131 -0.567646
0.589058 -0.911390
1.397240 -1.845150
-0.737236 0.156538
0.355841 -0.355167
1.611897 -2.179835
-0.211868 -0.555312
-0.672196 1.690588
-0.698433 -0.309995
-0.223030 0.419503
0.366404 -0.297161
0.385505 -0.496839
-1.720233 1.393019
-1.967921 1.797678
1.612787 -2.312362
0.394531 -1.391345
0.077471 -0.367497
-0.131482 -0.760601
2.175620 -1.557929
0.150492 1.104604
-0.284156 0.153805
0.308791 -0.230362
-0.617717 1.328949
-0.078246 -0.376392
-0.391433 0.103128
1.368045 -1.793374
1.819884 -1.395045
-0.240471 0.838601
-0.488883 0.519570
1.521966 -1.585945
1.450661 0.276899
0.409943 -0.728552
-0.137724 0.184882
0.778215 -0.403406
0.258784 -0.513480
1.841898 -1.960256
0.168390 -0.401504
0.259542 -1.449232
-0.308796 0.135745
0.076993 -0.314344
-1.681593 1.359862
0.899623 -0.652179
-0.669068 -0.028128
-0.070140 -0.428312
0.460270 -0.940744
-0.282480 -0.248022
0.648214 -0.592935
0.078904 0.146114
0.232717 0.253644
0.450956 -0.602856
0.263875 -0.337893
-1.468768 0.778302
-0.936935 1.834909
0.276541 0.061551
1.684103 -1.154960
-0.101001 0.592589
1.452425 -0.459967
0.157893 -0.198885
-1.546428 1.031864
0.097960 -0.139631
0.118720 0.636935
1.918932 -2.209843
0.401540 0.464175
-0.404348 0.034776
1.088047 0.703979
0.508045 -0.988351
-2.410705 1.472458
0.337375 -0.759944
-0.278781 -0.231700
0.176718 -1.724713
0.168916 0.081270
-0.322806 0.491750
-0.839250 1.143305
1.456851 -1.050773
-1.245686 1.490619
-1.298922 0.419993
1.391110 -0.878664
0.824421 -1.096322
1.632242 -1.948676
-0.176133 0.340573
-0.802780 0.233995
0.489200 -1.188368
-0.873442 0.965986
-0.843267 -0.263284
-0.562267 0.782908
-0.589890 0.060843
1.724181 -1.268638
0.908036 -1.598922
2.354812 -1.664008
-1.498289 1.058466
0.259301 0.358505
-0.326919 0.058277
0.066237 -0.391941
-0.595636 0.213727
0.612975 -0.667694
-0.389358 0.660651
1.520164 -1.743292
-0.021206 -0.396359
0.390173 -0.778022
-0.648498 -0.509557
-1.152577 1.254186
-0.716274 1.266777
-0.131481 -0.322585
-0.419637 0.351799
0.945308 -1.340854
0.042608 -0.092935
-0.356484 1.048654
0.186983 0.915024
0.204669 -0.105388
-2.884496 2.143686
-0.477781 0.058352
0.776778 -0.149247
1.858916 -0.862477
1.839673 -1.873647
-0.008462 0.455051
-0.089935 -0.297007
-0.419205 0.272545
0.326162 -0.632575
0.267094 -1.499403
-0.641889 0.860976
-0.488513 0.937509
0.930674 -1.008220
1.076706 -0.932372
-1.248667 0.573265
-1.873710 1.433465
1.494542 -1.254446
-1.122926 0.720714
-0.289445 1.090073
0.160140 0.336303
0.189293 0.939417
-0.675359 1.106485
-1.539150 0.781237
0.614382 -1.185098
0.642781 -0.132317
-0.900949 0.250332
0.733487 -0.914219
-1.325037 0.696592
0.630131 1.335663
0.767589 -1.138193
-0.575439 1.522463
-0.858001 1.692233
-0.124326 0.636344
0.640178 0.028752
0.225501 -0.123675
0.378335 -0.610543
0.286668 -0.398535
1.062192 -1.774418
1.400494 0.332687
-0.676499 0.176429
-0.031616 -0.907464
-0.309534 -0.808567
1.473131 -1.948899
1.304896 -1.439176
-0.547723 -0.018180
0.052945 0.200063
-0.493112 -0.172293
0.095631 -0.545786
-0.201192 0.381905
-1.003184 0.315927
0.111187 0.317137
0.547553 -1.383727
-1.384126 -0.155815
-2.059052 2.039439
0.322624 -1.621317
0.741543 -0.714914
1.529208 -0.635190
1.115955 -0.607616
-0.625302 0.537793
1.209675 0.218969
-1.329921 1.522681
-1.017395 0.469192
0.495771 -0.374633
-1.177301 1.967335
-0.823754 0.719978
-0.170994 1.276768
-2.559228 2.301640
-1.594286 0.327238
-0.154301 0.855827
0.193787 -0.071810
0.336999 -0.246482
-0.489710 0.521220
-0.364879 0.823606
-0.066538 -0.283729
-1.567410 1.697286
-1.297864 2.494104
0.494046 0.222167
-0.013811 -0.636336
-0.594717 -0.215092
0.603752 -0.176852
0.314463 -1.130793
0.697253 -0.722251
-0.310893 -0.516118
-0.063470 -0.480678
1.194198 -1.860126
1.848730 -1.979981
-1.146273 1.791901
0.882329 -1.302603
0.785449 -0.102951
0.572448 -0.489311
0.413092 -0.662731
-0.234386 -0.051163
0.195289 -1.043048
0.490012 0.018721
0.173749 0.537259
0.517989 -0.891103
-0.150827 0.915606
-3.355217 2.282598
-0.084031 -0.624948
-0.828208 0.554784
-0.241815 -0.910109
-1.660309 1.113825
0.755984 -0.497454
0.687646 0.699906
0.861775 -2.068593
1.416641 -0.833270
-0.192646 0.355731
0.176423 -0.044185
-1.354727 1.646520
-0.464747 -0.743032
-0.904051 0.289765
0.583376 -0.894441
