7.540000000000000568e+01
8.279999999999999716e+01
7.590000000000000568e+01
7.109999999999999432e+01
7.009999999999999432e+01
7.540000000000000568e+01
7.909999999999999432e+01
6.920000000000000284e+01
7.309999999999999432e+01
7.900000000000000000e+01
7.640000000000000568e+01
7.929999999999999716e+01
7.690000000000000568e+01
7.879999999999999716e+01
7.759999999999999432e+01
7.759999999999999432e+01
7.150000000000000000e+01
7.729999999999999716e+01
7.459999999999999432e+01
7.759999999999999432e+01
7.359999999999999432e+01
6.990000000000000568e+01
7.559999999999999432e+01
7.729999999999999716e+01
7.420000000000000284e+01
7.290000000000000568e+01
7.550000000000000000e+01
7.500000000000000000e+01
7.440000000000000568e+01
7.329999999999999716e+01
